20
162
1
3
2
1
2
2
2
3
3
3
4
1
4
2
4
3
4
4
4
5
4
6
4
7
4
8
4
9
4
10
4
11
4
12
4
13
4
14
4
15
4
16
4
17
4
18
4
19
4
20
5
17
6
17
7
17
8
17
9
17
10
17
13
17
14
17
15
17
16
17
17
17
17
1
17
2
17
3
17
4
17
5
17
6
17
7
17
8
17
9
17
10
17
13
17
14
17
15
17
16
5
13
6
13
7
13
8
13
9
13
9
14
9
15
9
16
5
5
6
5
7
5
8
5
9
5
9
4
9
3
5
9
6
9
7
9
8
9
9
9
10
9
11
9
12
6
12
7
12
8
12
9
10
14
11
10
11
11
11
12
11
13
11
14
13
7
13
12
14
7
14
8
14
9
14
10
14
11
14
12
7
6
7
7
7
8
15
1
15
2
15
3
15
4
15
5
10
4
11
4
12
4
13
4
14
4
1
16
2
14
2
15
2
16
2
17
2
18
2
19
2
20
3
14
18
2
18
7
19
2
19
3
19
4
19
5
19
6
19
7
20
4
20
6
13
13
13
14
13
15
13
16
16
18
16
19
18
16
17
19
18
19
19
16
19
17
19
18
19
19
15
9
16
9
1
7
1
8
1
9
1
10
1
11
2
11
3
11
10
1
11
1
12
1
12
2
12
3
7
18
11
18
9
20
7
19
8
19
9
19
10
19
11
19
12
19
13
19
14
19
14
18
11
17
